1.000000000000000000e+00 1.000000000000000000e+00 1.000000000000000000e+00 1.000000000000000000e+00 1.000000000000000000e+00 1.000000000000000000e+00 1.000000000000000000e+00 1.000000000000000000e+00 1.000000000000000000e+00 1.000000000000000000e+00 9.998980177066824071e-01 9.960385217437652816e-01 9.876275042352411493e-01 9.774947471766703977e-01 9.694417495592775325e-01 9.639825820878364926e-01 9.610046430223233571e-01 9.604878081432667303e-01 9.610359988915109231e-01 9.600547182427173754e-01 9.570505569108644917e-01 9.531402251799775405e-01 9.499406310055186209e-01 9.485599844509371437e-01 9.490755563530980377e-01 9.508037003190397130e-01 9.528774859558102328e-01 9.546485883436875985e-01 9.558476025660814779e-01 9.565790950669451620e-01 9.571668866107893026e-01 9.578968468852185891e-01 9.588434736857303076e-01 9.599098565524810667e-01 9.609746236198402070e-01 9.620051519754354574e-01 9.630661311194836927e-01 9.642316588952415390e-01 9.654808403463809308e-01 9.666736071625762206e-01 9.676011192336766431e-01 9.681639294133868034e-01 9.685229512973424493e-01 9.691181864667172130e-01 9.705180332810428023e-01 9.730826843070329302e-01 9.765656769166290996e-01 9.799477970898691215e-01 9.817955044325823444e-01 9.809924865885406575e-01 9.773015652164258604e-01 9.715361546382605962e-01 9.652992359538599132e-01 9.603249058924885340e-01 9.576248420797182082e-01 9.571242772075971850e-01 9.584635018340778023e-01 9.608819392816784211e-01 9.577544778740657572e-01 9.395645228701726692e-01 9.026219022531870584e-01 8.387743890155506810e-01 7.438428947237107902e-01 6.233098487877681837e-01 4.962080728455066092e-01 3.712074448002007365e-01 2.562140772945820100e-01 1.605584402897273222e-01 8.863152969413200244e-02 3.882680305868378007e-02 1.031681195099842969e-02 3.152718756056087954e-04 5.742591790877863654e-10 1.275257353094141355e-17 3.104431236536064249e-27 5.823285142031186777e-39 2.360471740887927978e-53 6.515450326683567000e-71 6.115402868930403774e-92 1.113275447821520841e-116 3.357791092800833877e-145 3.035193724102964468e-177 2.902092266557895240e-215 3.089293232242629752e-262 3.458459520888725809e-323 0.000000000000000000e+00 0.000000000000000000e+00 0.000000000000000000e+00 0.000000000000000000e+00 0.000000000000000000e+00
9.901556550670023160e-01 9.889556097335647777e-01 9.903676844297516491e-01 9.912073122557762961e-01 9.915860924152074540e-01 9.916680224327557580e-01 9.920269014858499323e-01 9.945439913287199563e-01 9.976965654575453701e-01 9.977282918822896196e-01 9.903845503243781101e-01 9.764481501037196587e-01 9.558277786419275834e-01 9.331612438342334892e-01 9.136355109373111016e-01 9.016311730265500479e-01 8.954062722100197824e-01 8.920626279497047006e-01 8.902275372326853287e-01 8.884011646647040905e-01 8.850034273885997171e-01 8.804965958144803650e-01 8.764345109888065366e-01 8.742144100398752116e-01 8.742809530708742782e-01 8.760998295863664520e-01 8.787194796470904068e-01 8.813178605250261421e-01 8.834434691092022396e-01 8.850277664964865121e-01 8.862820266782270862e-01 8.875108832802657277e-01 8.889077205943445303e-01 8.904853565547876659e-01 8.921714441786015026e-01 8.939232566355016507e-01 8.957461770970864823e-01 8.976292784004650249e-01 8.994907550641414451e-01 9.011682222575420065e-01 9.025185453544605219e-01 9.035758689096285989e-01 9.046393139529710359e-01 9.062486390441342188e-01 9.089597082405032058e-01 9.129181162076486222e-01 9.174917875404532408e-01 9.213507810374409468e-01 9.229812851634189297e-01 9.213390705317313634e-01 9.163204874414242473e-01 9.088704282886974628e-01 9.007378201833510234e-01 8.938880483474708205e-01 8.900248411333856469e-01 8.912683508646823682e-01 8.981061261204906776e-01 9.082852686607921777e-01 9.157547669366142840e-01 9.112966607820863763e-01 8.895691743935556506e-01 8.463553086727005903e-01 7.816146515383042281e-01 6.887693530545625498e-01 5.756786085360727778e-01 4.563896539665670549e-01 3.419468556469239529e-01 2.395201612287987392e-01 1.552147786721199962e-01 8.940291989366735970e-02 4.154695509916844082e-02 1.192335183947988014e-02 1.602805013298453599e-03 1.464708359593680545e-09 1.015895024355151782e-17 5.414568775210651797e-28 1.598187801096407344e-40 1.836323654774023771e-55 6.838575108794994839e-73 5.302419408282742252e-93 3.560180561125118429e-116 5.537290022843321849e-143 2.494627821501796111e-174 9.203301146974490405e-212 5.405877792487927541e-258 4.545300187953841545e-318 0.000000000000000000e+00 0.000000000000000000e+00 0.000000000000000000e+00 0.000000000000000000e+00
9.441920438219227885e-01 9.411915433992211755e-01 9.419357500047648157e-01 9.441158826166342610e-01 9.468327804093813471e-01 9.503706389619693828e-01 9.570742437904040667e-01 9.663011274265823625e-01 9.762266334379187116e-01 9.812336721260342953e-01 9.728687578849649631e-01 9.484741085726127174e-01 9.144058659247222831e-01 8.772049153815918432e-01 8.421667991270325171e-01 8.150539472340458946e-01 7.999522128966501944e-01 7.938810127294859686e-01 7.901393636686667721e-01 7.874767100061609293e-01 7.836822456439953566e-01 7.787515793246302387e-01 7.741351770798762244e-01 7.713364197114179754e-01 7.710600606337018048e-01 7.729289423148592020e-01 7.759424855626163575e-01 7.791331588829697452e-01 7.819172969207337509e-01 7.841248598748470355e-01 7.858935293177639059e-01 7.875198304249434456e-01 7.892693103128251009e-01 7.912355623204740951e-01 7.933868152349168312e-01 7.956730527320056146e-01 7.980546140155192480e-01 8.004635007823858173e-01 8.027823296502933914e-01 8.048298566950663480e-01 8.065200470988748149e-01 8.079722024466812202e-01 8.095817099662131477e-01 8.119581844488625855e-01 8.156320454359368144e-01 8.205744626706968914e-01 8.258973478912532418e-01 8.300871765507504829e-01 8.315866549610493319e-01 8.293521973313661144e-01 8.233450714691447070e-01 8.147038355715238156e-01 8.060785497742296579e-01 8.026510638089294769e-01 8.061230452024404913e-01 8.158687301827663996e-01 8.319168105567228411e-01 8.524111723703072796e-01 8.708795216275139195e-01 8.767062309600561765e-01 8.674269687215068192e-01 8.421589114157703726e-01 7.997745724051337213e-01 7.385880381280968132e-01 6.556177080553590164e-01 5.515847192856271342e-01 4.396275924992073536e-01 3.328463488720072583e-01 2.380406110961284516e-01 1.570243799366012327e-01 9.209981564432924428e-02 4.397507342033332017e-02 1.473071227929285444e-02 2.960358386282449343e-03 2.481377423855754413e-09 1.432297928072385629e-17 8.175036975930099867e-28 4.019408516312039446e-40 1.242282908118628230e-54 1.328268465839433703e-71 2.300560106353680304e-91 3.066614654203089285e-114 1.048640823584909525e-140 1.352995618355440300e-171 1.890071676707152923e-208 5.168685481520461568e-254 2.343632555561408845e-313 0.000000000000000000e+00 0.000000000000000000e+00 0.000000000000000000e+00
8.627056337365663907e-01 8.591499443069752218e-01 8.591190133854867961e-01 8.613916817341790155e-01 8.677446037206664187e-01 8.765870633742086637e-01 8.910870009534646030e-01 9.115027381285273345e-01 9.327398879445834012e-01 9.452498404734854809e-01 9.405778207337485153e-01 9.145769696458796449e-01 8.697252441206450024e-01 8.151493195718387819e-01 7.625942502023855818e-01 7.173189641859860632e-01 6.849725703670348498e-01 6.686730720124244298e-01 6.627756994505051846e-01 6.588447745986064641e-01 6.542679776422357651e-01 6.488616944602888514e-01 6.438960857010146421e-01 6.408157040784842051e-01 6.403735097147019717e-01 6.422991286211641171e-01 6.455942645182303208e-01 6.491855725427677637e-01 6.523985226997635056e-01 6.550336120119790717e-01 6.572191823245229214e-01 6.592334824129131299e-01 6.613387232030653040e-01 6.636585978678281039e-01 6.661880675644965555e-01 6.688756855585044070e-01 6.716629414749482052e-01 6.744686803334329905e-01 6.771591453893448520e-01 6.795634869391654620e-01 6.816109819971181150e-01 6.834545336889283895e-01 6.855381569561463939e-01 6.884959100938092824e-01 6.928180811902979741e-01 6.983753994281231003e-01 7.041984716198190775e-01 7.087070422348143994e-01 7.102329251558200385e-01 7.076442917234871954e-01 7.016898582537769435e-01 6.974423194520719127e-01 6.980645102663838308e-01 7.056462464108497201e-01 7.200270893129084859e-01 7.420457848431859516e-01 7.687057106437246157e-01 7.947268172826971178e-01 8.162949280672439079e-01 8.294255314271795632e-01 8.298051304957243524e-01 8.187524466108270227e-01 7.975482714053077071e-01 7.617484779088143920e-01 7.090258062647775139e-01 6.369461292287168508e-01 5.462803127653949042e-01 4.414172801708996507e-01 3.376387794672567333e-01 2.429657994101460106e-01 1.612034741495407542e-01 9.506394730692203920e-02 4.670698047088285565e-02 1.693577600929615720e-02 3.162108731553088786e-03 2.950494976454397081e-09 2.107836038926231796e-17 2.019037033212331501e-27 2.020102659202776939e-39 1.273188584286065388e-53 2.576265594432478544e-70 8.245053932495725963e-90 2.254151564244893815e-112 2.053865025737297074e-138 9.096630600039164666e-169 5.103077709202294983e-205 5.689053536887662983e-250 2.161184119646782152e-308 0.000000000000000000e+00 0.000000000000000000e+00
7.454682827168912507e-01 7.425798143873924007e-01 7.420650613266889239e-01 7.437252773329566802e-01 7.524111518055505154e-01 7.681205314649895977e-01 7.939706392442071881e-01 8.289764121408045305e-01 8.652439986500074509e-01 8.909876113426673516e-01 8.963646233717252887e-01 8.744133180010434936e-01 8.242647811753665010e-01 7.536392062421851668e-01 6.791947864950520497e-01 6.143019886171700028e-01 5.631973318889854641e-01 5.293195207307742622e-01 5.120019568233912244e-01 5.039564240898537495e-01 4.986443564787241267e-01 4.926034549266338214e-01 4.872390742949196940e-01 4.840098395659509500e-01 4.836497864406044678e-01 4.858466346152312543e-01 4.894754594141770832e-01 4.933171456029487589e-01 4.966724506085642976e-01 4.994094101028976884e-01 5.017220834831083165e-01 5.039052572472413338e-01 5.062046351780677966e-01 5.087221396809393781e-01 5.114361872562754874e-01 5.142910645795505387e-01 5.172409413728442651e-01 5.202284375999061128e-01 5.231304448728133494e-01 5.257624646806036139e-01 5.280097424191596556e-01 5.299957244100724774e-01 5.321841328860035247e-01 5.352472747612457837e-01 5.397736804872961258e-01 5.456728498728968813e-01 5.519741781734986974e-01 5.570182688118043846e-01 5.591961700828578241e-01 5.606115320450583139e-01 5.646200714062673542e-01 5.724622674892917429e-01 5.868226644831173733e-01 6.089918150241840911e-01 6.386718263341184532e-01 6.742272652570284741e-01 7.089080757746077932e-01 7.368043846705296662e-01 7.541097462124467521e-01 7.650170141562849802e-01 7.721156196141027994e-01 7.724479497052554322e-01 7.665983302741314898e-01 7.541343626922242249e-01 7.319163530038512722e-01 6.939418909529344592e-01 6.351601187327629017e-01 5.542454270738764732e-01 4.537333883725002126e-01 3.496151274867407288e-01 2.519269798768573598e-01 1.669376079752628306e-01 9.921304533812938531e-02 4.954091798318624451e-02 1.777430770919513625e-02 2.910542220064549820e-03 3.626788363666641205e-09 4.007406277494762532e-17 6.721744179620890846e-27 1.190461859620776932e-38 1.295587122953009513e-52 4.670662310404743814e-69 3.117608267914374402e-88 2.325799554725713795e-110 7.709780486082381826e-136 1.420992543678011470e-165 3.387929039629942724e-201 3.532140994789064581e-245 6.169868459587807890e-301 0.000000000000000000e+00
5.894177254653760745e-01 5.881689708201415234e-01 5.877339570151285386e-01 5.903470649903910239e-01 5.999137110857418742e-01 6.231045855781376375e-01 6.610514052743647895e-01 7.129921691745330081e-01 7.696357533365515424e-01 8.154034297059727932e-01 8.380736570580927802e-01 8.282864739122552944e-01 7.802462212963124921e-01 7.010643037709637371e-01 6.095101500942976536e-01 5.247539618314454035e-01 4.536497772918341442e-01 3.991399359137609570e-01 3.630023781984269005e-01 3.422681187891685184e-01 3.329024452349567675e-01 3.277357457628837234e-01 3.229998265540046098e-01 3.200619313158564183e-01 3.196401911307900079e-01 3.214767384512904336e-01 3.246194542722329324e-01 3.280446424584445575e-01 3.311089741296458500e-01 3.336221745346654166e-01 3.357066489277056864e-01 3.376277753861203212e-01 3.396356359857464202e-01 3.418482023378939250e-01 3.442606686769839608e-01 3.468239679928308283e-01 3.494822963712508335e-01 3.521582527433398946e-01 3.547242674276628871e-01 3.570173935596690495e-01 3.589701795278008589e-01 3.607284557960954152e-01 3.627156991525206098e-01 3.655366401251420316e-01 3.696588933210255834e-01 3.749591838008523581e-01 3.805138269166032927e-01 3.860731079628251794e-01 3.953098568973906768e-01 4.102080253024721346e-01 4.319238361867680509e-01 4.590391637358207655e-01 4.935989051577953646e-01 5.352672256725203859e-01 5.816743760260850715e-01 6.302567307793626172e-01 6.672109870774490803e-01 6.869735568481514232e-01 6.922288815727742906e-01 6.879868398721399325e-01 6.872990904633513587e-01 6.914067623355800718e-01 7.004539901999470297e-01 7.121326616326557613e-01 7.208375917646302478e-01 7.203220496700634135e-01 6.967005610827702311e-01 6.476963937111112068e-01 5.721658938909532921e-01 4.738960980014507163e-01 3.664724093762217194e-01 2.627126127453722759e-01 1.747876605246336534e-01 1.041488474887728444e-01 5.155008169910056670e-02 1.803583585427327718e-02 2.951100993900377268e-03 5.555288749334427492e-09 9.516512791369148107e-17 2.543852402488882114e-26 7.279929130813891227e-38 1.370084108885372923e-51 1.033150831492745138e-67 2.001194451526041623e-86 5.829592093650240694e-108 8.541287805143665647e-133 7.235599186720664373e-162 1.879710200290871339e-196 1.530296668354856505e-237 7.505075559940834072e-289
4.105822762355925137e-01 4.118318899700948998e-01 4.127711065677722724e-01 4.160274756756389136e-01 4.267249329106934663e-01 4.549770596519120969e-01 5.035164775002521909e-01 5.718371024808971415e-01 6.527812567459805315e-01 7.242234721389125829e-01 7.703487948608523928e-01 7.829793948811343274e-01 7.532972187764233052e-01 6.809031471548753212e-01 5.827195756286241979e-01 4.812746785514974146e-01 3.899929055501672459e-01 3.157005257818873423e-01 2.595247059860360528e-01 2.208725343976770394e-01 1.966862732182610707e-01 1.872807189144312379e-01 1.832258287067456415e-01 1.807865929831215801e-01 1.805457343352491750e-01 1.821745439204059402e-01 1.848009745696671258e-01 1.875817815836676450e-01 1.900082758706178598e-01 1.919322605378955826e-01 1.934737309106061010e-01 1.948911212453964537e-01 1.964158671076811358e-01 1.981295390587853866e-01 2.000044471401995205e-01 2.019970000058348703e-01 2.040726315910557920e-01 2.061720784931601602e-01 2.081930361202196933e-01 2.099775427126457372e-01 2.114506152867501321e-01 2.127162302669392269e-01 2.141189846131942576e-01 2.161901847655283149e-01 2.193921196835321996e-01 2.237001024833499274e-01 2.308884804715974903e-01 2.449271133753217478e-01 2.704435448112739726e-01 3.051987371564632845e-01 3.479633226062237017e-01 3.974765627527737100e-01 4.537100270271815505e-01 5.145932744873441544e-01 5.766246946396091921e-01 6.271626106644573317e-01 6.550047003521866085e-01 6.580070805165125769e-01 6.426093340232044149e-01 6.144776079916902667e-01 5.863220085026548123e-01 5.753865403151493529e-01 5.888383232067248008e-01 6.217812671081111020e-01 6.594365085755944378e-01 6.943989359614226586e-01 7.106580585124254723e-01 6.988022101158996024e-01 6.575508373796672412e-01 5.864727062498775734e-01 4.905563865812510027e-01 3.786530870260241821e-01 2.717328728145051442e-01 1.805881012910394157e-01 1.069422939938115269e-01 5.261948661935666322e-02 1.861158221815568253e-02 3.215726651894844877e-03 9.539894855960225214e-09 2.432976627774370616e-16 1.006630299976336098e-25 4.866588026148475793e-37 1.877440733523869071e-50 4.025778470809062475e-66 3.070889377635599767e-84 4.051667637977734578e-105 2.639106726726186123e-129 2.306796943276578713e-157 3.718934567031818068e-189 3.869315714409706909e-226
2.526591074734762521e-01 2.553033652282821198e-01 2.563153124646226355e-01 2.582617977574911405e-01 2.691176027969672813e-01 2.984920945269604609e-01 3.525040757840383066e-01 4.305983146277824747e-01 5.255665282082170320e-01 6.227208994067855441e-01 6.972065855642571863e-01 7.369093035076003106e-01 7.355519430406909365e-01 6.885505063467061149e-01 6.023339010843700159e-01 4.941925150556540913e-01 3.870277328828984897e-01 2.936964837184914412e-01 2.185072618452495175e-01 1.592090892608330199e-01 1.160150470243089538e-01 9.061910827237940058e-02 8.232027262215270424e-02 8.057815468550982851e-02 8.062795406442414825e-02 8.198916674111361713e-02 8.394966314687618558e-02 8.589424209975714264e-02 8.748500723736730988e-02 8.867066534491482854e-02 8.960932986926127553e-02 9.052898283651494848e-02 9.157434938175480765e-02 9.275502220385151153e-02 9.401685819329778926e-02 9.532788140092753049e-02 9.669212049026019995e-02 9.810139777995188770e-02 9.949449159982147461e-02 1.007498762240334883e-01 1.017604324167363239e-01 1.025517133310342860e-01 1.033475755725545564e-01 1.045519648404709817e-01 1.065810012285227648e-01 1.125413242993112128e-01 1.290951345253310845e-01 1.605159958281328347e-01 2.061121950133928682e-01 2.628039816364978187e-01 3.289210805149841987e-01 4.011845719058156901e-01 4.774535007479324689e-01 5.510127188603394233e-01 6.151190768084257021e-01 6.517522499639519795e-01 6.559307256428769106e-01 6.335968513722788353e-01 5.896947302450886719e-01 5.343288403456460944e-01 4.800855341902970919e-01 4.488034758692174830e-01 4.499204477039620009e-01 4.860834570933736387e-01 5.491326351316656584e-01 6.151126430937752243e-01 6.696710459711784358e-01 7.003221139574635767e-01 6.987125271211604982e-01 6.635101833894483381e-01 5.964710731186954051e-01 5.008380601114257313e-01 3.867330541250821319e-01 2.773233322738835049e-01 1.834258440224640629e-01 1.087369218944614635e-01 5.399710238172369253e-02 1.960414766215155466e-02 3.502685275092782494e-03 1.695658684906435522e-08 6.484386752980862623e-16 4.433147843834530016e-25 4.197619875809917331e-36 4.235517712762029968e-49 3.302596662573838729e-64 1.090270471210976911e-81 6.222845029435201788e-102 3.594384242364127472e-125 1.187168025646310019e-150 6.265141396763155718e-179
1.306331751528763963e-01 1.336741480217219225e-01 1.338073407770646039e-01 1.330128231735362987e-01 1.410731899842921910e-01 1.700998003701515993e-01 2.226928474227831689e-01 3.016430847143069527e-01 4.041410660019554291e-01 5.171620785333703729e-01 6.163900648262325976e-01 6.872802251866626522e-01 7.173784099421339766e-01 7.031285596453878961e-01 6.461376438543559031e-01 5.562741998926278297e-01 4.439305924457303543e-01 3.355608160846622057e-01 2.411056834196117216e-01 1.611614190924995083e-01 9.749022796525573520e-02 5.310291374818641719e-02 2.893885454943956673e-02 2.242276960431212329e-02 2.250727017680998615e-02 2.352512428396111646e-02 2.474655748551934584e-02 2.578971412695616611e-02 2.649591816000876343e-02 2.692675788201597323e-02 2.727295957929964584e-02 2.770289683954876847e-02 2.826044791095497569e-02 2.888853377284893512e-02 2.951566794959021786e-02 3.012263596327949960e-02 3.074753910172221133e-02 3.143402004639456876e-02 3.216977193551894681e-02 3.287229632714323835e-02 3.341858907048061988e-02 3.375007707716776856e-02 3.396153644599369387e-02 3.431215899232050587e-02 3.806452785029892927e-02 5.465348638537027154e-02 8.839701186092520369e-02 1.397709464172632032e-01 2.065484288908388810e-01 2.860281124783494722e-01 3.747002119250693042e-01 4.654074751032750701e-01 5.508905479541413852e-01 6.169941787926055410e-01 6.602259117539298616e-01 6.752260767537926478e-01 6.536740548269216466e-01 6.014201153136666811e-01 5.290478403412889330e-01 4.475578665864563543e-01 3.728248758582796141e-01 3.256932646316529900e-01 3.146034524929353093e-01 3.416858033520788762e-01 4.049679467195489990e-01 4.929448961548689723e-01 5.830379073661170475e-01 6.523336058887109212e-01 6.925451074082248359e-01 6.986586290765344209e-01 6.695467494335418657e-01 6.042962996506021645e-01 5.073746897811300949e-01 3.915713597353999709e-01 2.807436830579839726e-01 1.858503391491740653e-01 1.110600751933215058e-01 5.582210183716417723e-02 2.061105847401214358e-02 3.695284937803195412e-03 3.113867194382933413e-08 1.895473122634812624e-15 2.387143380148044002e-24 5.274572872047949043e-35 1.707752293021206896e-47 5.403707921870267794e-62 7.390010020521584665e-79 3.245970354043786268e-98 4.787433828700677720e-119 1.781039488518730054e-141
4.851758568191860688e-02 5.094728819672285358e-02 5.029592363313160897e-02 4.877060046288704542e-02 5.212746475981869243e-02 7.553855399977774110e-02 1.220910541633359048e-01 1.935446328934805060e-01 2.915439526421308991e-01 4.074100916599751598e-01 5.258150778582543206e-01 6.241204043016294056e-01 6.890334997341008849e-01 7.120371216272101123e-01 6.923403681889692685e-01 6.350216301764433080e-01 5.462779471617813520e-01 4.332181680621519648e-01 3.214780516965072832e-01 2.216339647684628100e-01 1.385584773246760770e-01 7.560739628081594721e-02 3.305241066472669464e-02 9.924784069732859107e-03 3.067143691393385725e-03 2.686736836834690851e-03 2.971788350467920257e-03 3.151624451671903877e-03 3.210784300790525247e-03 3.216948931201665113e-03 3.242223148168325506e-03 3.316497748108125643e-03 3.428240991721231978e-03 3.547491553130833076e-03 3.649298467974014613e-03 3.729230397673624110e-03 3.805130431808813416e-03 3.903732305330414633e-03 4.037420840087002465e-03 4.185035810494257789e-03 4.300108616347868111e-03 4.347640418261921463e-03 4.326982737455261838e-03 7.767267884607090278e-03 2.410599328261925356e-02 5.842198195970284974e-02 1.113649554376792694e-01 1.819170931735615004e-01 2.698305202218164722e-01 3.687870483647339714e-01 4.726591912347282154e-01 5.668844386033966565e-01 6.360641732068120779e-01 6.788139797650066809e-01 6.940443311098837276e-01 6.799429512578625268e-01 6.317048300966175978e-01 5.540200470248998199e-01 4.577662552718809730e-01 3.542117471850781407e-01 2.701841548783804892e-01 2.148897112553007915e-01 1.944521746913512039e-01 2.134612114307696540e-01 2.699756507118533100e-01 3.589302535160099339e-01 4.621545334549546080e-01 5.638525365657435229e-01 6.427389467868390716e-01 6.896404332324993502e-01 7.018556367432902121e-01 6.747490064098669027e-01 6.090412130407054647e-01 5.116422879252847666e-01 3.954691736808204072e-01 2.842923124677205760e-01 1.891897603858716803e-01 1.138427614103425523e-01 5.771492881315432727e-02 2.153007349234211526e-02 3.854788900125844572e-03 5.949179224182739771e-08 6.285377301601944653e-15 1.645827425667276039e-23 1.030277925323335459e-33 1.281675536984383108e-45 1.646928336565502020e-59 1.523681882580095193e-75 1.148938724754080800e-92 7.599972685467148402e-111
7.357081540286768140e-03 8.224724356800102582e-03 7.165496459239203454e-03 6.548318311415490638e-03 6.844166630867050058e-03 1.994807469626153421e-02 5.448493136885002724e-02 1.132436893762330532e-01 1.963843280039546668e-01 3.032350997950989391e-01 4.233407241555656730e-01 5.430407431452692890e-01 6.385180626399186155e-01 7.000809648142293229e-01 7.207597865449600905e-01 7.029536605636225177e-01 6.460553747268494851e-01 5.553800147850732616e-01 4.387252875504029093e-01 3.242556705276833373e-01 2.228434398652276993e-01 1.409947743787071384e-01 7.927704973531182753e-02 3.645756170351155401e-02 1.161852214834275220e-02 1.874368547720818741e-03 1.995118688143043992e-08 3.398011076701637790e-14 8.728615172078740542e-17 1.598369613330699177e-16 2.949538412750232488e-16 5.466964595495818558e-16 1.006846686283887676e-15 1.822642044134077637e-15 3.229090685660885236e-15 5.623512824510691695e-15 9.731568648377130032e-15 1.687277865083228441e-14 2.962621076006450646e-14 5.362583789551590250e-14 1.207316671016750735e-13 4.787868019243636843e-08 4.490515635598399911e-03 2.233594535685289387e-02 5.795792768579440674e-02 1.128560038841578406e-01 1.858991284696086821e-01 2.762481190344971416e-01 3.816937689756254026e-01 4.913036313359996354e-01 5.880762542799359283e-01 6.596019221926950893e-01 6.996348667771806751e-01 7.093881631343373906e-01 6.895863390042530350e-01 6.426829238695885849e-01 5.694755106485783758e-01 4.739810383292349383e-01 3.675418300773558022e-01 2.643950894297857346e-01 1.797421082947585624e-01 1.220390018223017764e-01 9.771691644700980506e-02 1.104562934430883964e-01 1.607722567439444361e-01 2.387880566151219519e-01 3.354014055314887832e-01 4.449721223005064785e-01 5.535696961746324751e-01 6.384912669152651432e-01 6.913612866883205310e-01 7.042851185470553332e-01 6.780148626034006032e-01 6.128665536948817438e-01 5.160749108853545097e-01 4.001229173851730270e-01 2.887587770829985190e-01 1.930353391117892170e-01 1.168803913528622673e-01 5.977849360630552861e-02 2.264055788817552831e-02 4.136912730153407755e-03 1.167236660691234997e-07 2.385463304080705470e-14 1.610259852112508016e-22 3.823291526443491268e-32 1.978171953458123928e-43 1.410406548636538269e-56 1.321647469720080968e-70 1.769951339827992952e-85
8.284465706385733033e-13 7.343718557355744295e-13 5.662513935904019352e-13 2.450207835202340535e-11 8.813400894881574567e-07 2.845247084299054683e-03 2.061031074216057926e-02 6.060956199613368872e-02 1.241546060430126636e-01 2.097871122680923239e-01 3.156836118391998514e-01 4.352885405828477161e-01 5.546953848728741754e-01 6.481329544559136790e-01 7.086930337288444015e-01 7.297965020547613202e-01 7.105279339775322223e-01 6.521615196711004758e-01 5.609882485628260307e-01 4.455096946741403663e-01 3.332072339827052421e-01 2.341622466031646754e-01 1.531193804193851371e-01 9.059845390848493552e-02 4.556659681758859493e-02 1.745941704912663817e-02 3.849814004242181707e-03 2.544225142837616871e-07 3.933562777222048291e-12 2.301104086331244576e-17 4.156666616448242966e-23 2.508402253728002696e-29 4.600319940890782804e-31 1.517628053407455592e-30 4.811629674283984400e-30 1.487349757496585633e-29 4.591689809559428882e-29 1.563052970302588313e-28 5.770516010714230698e-21 1.424683964142818369e-13 1.790115872649637900e-07 5.005087075555339840e-03 2.499127850434419360e-02 6.243234641319290318e-02 1.190300776829015666e-01 1.940972418991897819e-01 2.872870985529492605e-01 3.946759224438506353e-01 5.067048611326747665e-01 6.034340555883672685e-01 6.725901587371637680e-01 7.095862544297912855e-01 7.143350053757128171e-01 6.863781587903334813e-01 6.305614619600983239e-01 5.516686449476605469e-01 4.557158343580653415e-01 3.575299034481684290e-01 2.624573796615216614e-01 1.762899286309760061e-01 1.052766455259780687e-01 5.631547907841805839e-02 3.363373932041633513e-02 4.213475224437357447e-02 8.141085474328799143e-02 1.424765070540883749e-01 2.233607540877194098e-01 3.235974424966495677e-01 4.367758254304468513e-01 5.503996808069951951e-01 6.386895044154763390e-01 6.928453351760914813e-01 7.065144652370871636e-01 6.814535550372143868e-01 6.174771141053750911e-01 5.215269742146974030e-01 4.055858600779525536e-01 2.939135669721041899e-01 1.974008152880194489e-01 1.203377622825869409e-01 6.222932736400148268e-02 2.408983390099411065e-02 4.592559946526747136e-03 2.498236913354764961e-07 1.250537634458114929e-13 3.347309205053579897e-21 3.413796232361171559e-30 7.164963172586147318e-41 2.516250464253910705e-52 1.557314143906130345e-64
3.312558596745449265e-24 2.109009028817045255e-24 2.567032852760914399e-24 2.465748728650594606e-19 1.445822092795116625e-11 2.058831800708535263e-05 5.286698069800144228e-03 2.599457211262790404e-02 6.785813527850355353e-02 1.319785943938663331e-01 2.167591430885976167e-01 3.204510101510953390e-01 4.376779423459369323e-01 5.561809013045210248e-01 6.494434725090681981e-01 7.088339576329505398e-01 7.288235723970108992e-01 7.093841077066063150e-01 6.530825598396373666e-01 5.661744844227198925e-01 4.576689128963739028e-01 3.497397921790582065e-01 2.517574603951719392e-01 1.696735865739354698e-01 1.044036168207885668e-01 5.556537200214882455e-02 2.301679479930043501e-02 5.089383913421707470e-03 8.076507539197496759e-06 1.153658247515034654e-09 7.479842298228861540e-14 1.794388736299545246e-18 1.133363978156052081e-23 1.307096632741420623e-29 2.968898638848988454e-36 1.905389136865039093e-36 1.427528963765537576e-27 2.321253872897059191e-19 2.246093582144990866e-12 1.162436020882998483e-06 5.030629245054674473e-03 2.654556128623171071e-02 6.634285792420988037e-02 1.250779511678251354e-01 2.018555177428894565e-01 2.973622573424800630e-01 4.066539118748417891e-01 5.192685663182257105e-01 6.139177630156607002e-01 6.797698911411070855e-01 7.121229765716847737e-01 7.106226550332859215e-01 6.739580688695494537e-01 6.091406449897307507e-01 5.217619065651595278e-01 4.219436535576711056e-01 3.246613431045105580e-01 2.380374655798294659e-01 1.629575375260350067e-01 1.001225990243365810e-01 5.232358875929944697e-02 2.111826370733240962e-02 5.213759218933255307e-03 7.739138493890103734e-03 3.064786291277970046e-02 7.237108588024701583e-02 1.339911168091516003e-01 2.167799480080885854e-01 3.200548825984347312e-01 4.357544655713788684e-01 5.503518878811398674e-01 6.397451371270860276e-01 6.949593535491109808e-01 7.097225653116268074e-01 6.858581790873835571e-01 6.229233633247581725e-01 5.277015628845393991e-01 4.117103633028915688e-01 2.995644409477683512e-01 2.021275999012120128e-01 1.240514685192325856e-01 6.481856492313553542e-02 2.552314644581261949e-02 4.941358970320567680e-03 7.879664928336647700e-07 1.695980126140922667e-12 1.864415644993430285e-19 4.906036034919093009e-28 2.130543482179095292e-37 1.962242928827549224e-47
1.983500419868275811e-33 1.182027278987302273e-33 9.833605909513929000e-35 7.213591848943266924e-28 2.548400295662168227e-18 1.299843272260072468e-10 1.285906590738235256e-04 5.516907007197538286e-03 2.772934553062523372e-02 7.001054764210769277e-02 1.334027210197492874e-01 2.163690581373179378e-01 3.183722060866885917e-01 4.335162727796440518e-01 5.505014382966744169e-01 6.420023117825920389e-01 7.002973150708878824e-01 7.209116825731091138e-01 7.055135760367783337e-01 6.568247393702039139e-01 5.780495913203026470e-01 4.776016657555781642e-01 3.722547880970228373e-01 2.730872279813585934e-01 1.876835282316945686e-01 1.179796317962057695e-01 6.576088646776399871e-02 2.894616850691070914e-02 7.173335981982591897e-03 2.339928895814234495e-04 4.062925330849341085e-07 1.732427964105351658e-10 1.620598149353348513e-14 2.542127838950092402e-19 9.435759667316740975e-25 1.093525484708266723e-24 1.449770718232281195e-17 5.374314772740685038e-11 1.324799136963400879e-05 5.134669928509692435e-03 2.705706952813327626e-02 6.856438522652431866e-02 1.297236973568337559e-01 2.089442894789635408e-01 3.065307405434833932e-01 4.179346947544029245e-01 5.319120338248743973e-01 6.246024817963747866e-01 6.869963970066310655e-01 7.133483425494058228e-01 7.043206031845185011e-01 6.616804333158899931e-01 5.876934094247249218e-01 4.905213224999468991e-01 3.867077729803357067e-01 2.905601351401134735e-01 2.076669685889686867e-01 1.384126244811018369e-01 8.427327393714234560e-02 4.360242322802310166e-02 1.699233237054401449e-02 4.143182173542162006e-03 2.925205233857951914e-05 9.655437859456286959e-05 5.509048979396102309e-03 2.765262281181605011e-02 6.976700441431095412e-02 1.329184665618046712e-01 2.159087554408131437e-01 3.194313629209946659e-01 4.356220693463587756e-01 5.510424112775534899e-01 6.413587360565232709e-01 6.976089926691239063e-01 7.134879193868720604e-01 6.907124496664867053e-01 6.286749486751849192e-01 5.341951721033776357e-01 4.182881054752692895e-01 3.054259766208943794e-01 2.068482981445462499e-01 1.275583691325511693e-01 6.707841740668200881e-02 2.657358023507698855e-02 5.087802547769938559e-03 7.147924123468331444e-06 5.696969219585375862e-11 9.790080962473008552e-18 1.839598225647694852e-25 9.711315162649030939e-34
1.207853287198649299e-44 7.168545375698046799e-45 3.348217529191828145e-46 7.157507617178070157e-39 1.866459284344723157e-27 4.968198973475049705e-18 1.979580427591346945e-10 1.685457444725865035e-04 5.470165343512460587e-03 2.755897125464015773e-02 6.969240751277264168e-02 1.324566994623457838e-01 2.137489064235860714e-01 3.125565918570674673e-01 4.243921721671187752e-01 5.382589454722783717e-01 6.278119717102484953e-01 6.874767771427386931e-01 7.133024595685598657e-01 7.059889362993020390e-01 6.661304616838108483e-01 5.963328154323608299e-01 5.033723863842327617e-01 3.971523161303257554e-01 2.962365840697617214e-01 2.086302463092135351e-01 1.355221620897504309e-01 7.895813351920798195e-02 3.831478697652584975e-02 1.369685688315570860e-02 3.278028476289639344e-03 4.070028829531287468e-05 3.238866723552365473e-08 4.914630142466848912e-12 2.253268894257073608e-16 1.645055021615588970e-15 1.169326679225615462e-09 1.681475311285276619e-04 6.117945001448205772e-03 2.838195470493942024e-02 7.019814981878153004e-02 1.322966736707804347e-01 2.139080289221125253e-01 3.138344684920092442e-01 4.273342969907126809e-01 5.428339847534672247e-01 6.344404278211004389e-01 6.945495157045301626e-01 7.170669100991895473e-01 7.022911702273979540e-01 6.520448744405971109e-01 5.710360830282281697e-01 4.670674319535642049e-01 3.592734208639661309e-01 2.620966280632109346e-01 1.805327591058208392e-01 1.147023656235108546e-01 6.588779897876152758e-02 3.164906472606934806e-02 1.056002250054435300e-02 1.707705380423279583e-03 5.484921427263559070e-06 1.508486820771127679e-09 5.899908781945183704e-11 6.387290902616970048e-05 5.254267205765330954e-03 2.726439947068863903e-02 6.935876141983787768e-02 1.326079116237069144e-01 2.155868065408631795e-01 3.191293592068644713e-01 4.356565601802514509e-01 5.518619841396545933e-01 6.427628580964309668e-01 6.997360621176657025e-01 7.166533931491724241e-01 6.950441247003740219e-01 6.340581427690696881e-01 5.405259050315709413e-01 4.245307226516064070e-01 3.109701700999206730e-01 2.110956958209755929e-01 1.305087821443161877e-01 6.937947500522370636e-02 2.807759142876424530e-02 5.973562710466354120e-03 1.215094918209675155e-04 1.271555725545254695e-09 4.375613812326719822e-16 4.968273428336404899e-23
2.622997766592800976e-60 1.556334335653457091e-60 7.109073093556825117e-62 1.293717279708565222e-52 5.546154355857199908e-39 1.408979001227444773e-27 2.923928127780455663e-18 9.061280690061265581e-11 6.730207713507159158e-05 5.256015165703895216e-03 2.722719538400378281e-02 6.861970075975641625e-02 1.291825460465505782e-01 2.071923056306298194e-01 3.019978867054817218e-01 4.095845139312637717e-01 5.192489586303479232e-01 6.099178638579458855e-01 6.750143569381399367e-01 7.092688087149944254e-01 7.109747628792062457e-01 6.802397761476102200e-01 6.180556271176143035e-01 5.313520870897204817e-01 4.250674175887317330e-01 3.224949999720500560e-01 2.327814824043566710e-01 1.567214259636127982e-01 9.638182373951000026e-02 5.310525653136087543e-02 2.465289804799088852e-02 8.535290041169754302e-03 9.072084677577140236e-04 9.064337544720809586e-07 2.074419557821689921e-10 1.742800982977781261e-08 1.260487607748341692e-03 9.647885556856925296e-03 3.325885180192631602e-02 7.516207496927532206e-02 1.364235492897869773e-01 2.183596971811055387e-01 3.193277206679104863e-01 4.333131801094396995e-01 5.495742695514155285e-01 6.413848365283625341e-01 7.002786939573840685e-01 7.204510635444464350e-01 7.029523179227532559e-01 6.474808508381109107e-01 5.604325042406462787e-01 4.504471667071539009e-01 3.407228987217570948e-01 2.418482156916337000e-01 1.601551040728766140e-01 9.638874250881614147e-02 5.072382888373642290e-02 2.111205221745196189e-02 5.545676896485336738e-03 8.670859656462088789e-05 1.890894330831708160e-07 5.228424710774884565e-11 1.941430510554467435e-15 9.618081995059349901e-19 2.132822996390729702e-11 4.248343820806567916e-05 5.160884056471225396e-03 2.710993093392119122e-02 6.916365081970003714e-02 1.323988244668181102e-01 2.153754735060071923e-01 3.189420964319415464e-01 4.353372632778360063e-01 5.516247453452635119e-01 6.430959338754815846e-01 7.010445879732971619e-01 7.190773465327040537e-01 6.989977279699397528e-01 6.392703648121020876e-01 5.466204925666918735e-01 4.300050031443642395e-01 3.164247812583037001e-01 2.163506555596192149e-01 1.352928419677776606e-01 7.368528297561763307e-02 3.186851683755299869e-02 8.897039652857340053e-03 1.249051427241963316e-03 1.117145905109668383e-08 1.270400754834897720e-14
1.816510835034528503e-64 2.176010702945821403e-64 1.621419305051059503e-64 5.594034207254460168e-65 2.662611396859065132e-53 9.575951000755477383e-40 1.663902085766524485e-28 2.923064231843013393e-19 9.190356982447628385e-12 8.130570264838216443e-06 5.079914880252958675e-03 2.650741005439685716e-02 6.563058156593742920e-02 1.226609423434344009e-01 1.965639278826058767e-01 2.866479621644368869e-01 3.899590919403093658e-01 4.969933832073767377e-01 5.928794638413736884e-01 6.661412633481874623e-01 7.091818439465018553e-01 7.195970989957916064e-01 6.942962739821574303e-01 6.401087495180191045e-01 5.579805444857635077e-01 4.547590341296170457e-01 3.525982475171635100e-01 2.622024741981295870e-01 1.845777974544477174e-01 1.212220513730624116e-01 7.212877969035751125e-02 3.665375460242817351e-02 1.307106884629859363e-02 3.086264652185704335e-03 5.238921790699969808e-06 3.539908564279591833e-03 1.525386591268359723e-02 4.162852521654512861e-02 8.539540105197063191e-02 1.473025518177963622e-01 2.277926879880275146e-01 3.269919020725925995e-01 4.388585733046878046e-01 5.536685813461488248e-01 6.446111340103590770e-01 7.030142686139638775e-01 7.221155667826709701e-01 7.029050582078720799e-01 6.451057113584166558e-01 5.547506790777056995e-01 4.406068531137086186e-01 3.284379753954760339e-01 2.281538157396088007e-01 1.464579690647176968e-01 8.421085158603412724e-02 4.031457526646622241e-02 1.397022371615892766e-02 2.579538087075750833e-03 1.282402617498310183e-06 7.383931319541993657e-10 1.734573701632371382e-13 7.404986157481777945e-18 3.983986607316114921e-23 3.067924611008860252e-28 1.364438885495325985e-19 9.478005916834926821e-12 1.850598114899718833e-05 5.088429041167683194e-03 2.700004480765575213e-02 6.903240362196430557e-02 1.322658719804930827e-01 2.152414785855825685e-01 3.179972606801091950e-01 4.337567672497776305e-01 5.502462546819973932e-01 6.428350880381785704e-01 7.022710778648096897e-01 7.218227218649490018e-01 7.031715477072506548e-01 6.444335805989147570e-01 5.528087493332501934e-01 4.371984084866732401e-01 3.239141939939899628e-01 2.241033633682067705e-01 1.428039164627731006e-01 8.032073201950788721e-02 3.802591102515678889e-02 1.308603562279218521e-02 3.087496931004184673e-03 5.031774462814759534e-08
4.662737312599866660e-41 5.888102096989040338e-41 4.737590631393016930e-41 2.205822670771195141e-41 1.209672623190643327e-41 1.824894457088488596e-41 7.746202799169806794e-41 5.628872031732078758e-30 1.022583819568996460e-20 4.068595968463261704e-13 5.690823750946387766e-07 5.004110960035255268e-03 2.443042801300350508e-02 6.008313373773530724e-02 1.130193280751494306e-01 1.825255158918452081e-01 2.683960262974585120e-01 3.689521756119571450e-01 4.765712086169932027e-01 5.797969735123812418e-01 6.588098793018685173e-01 7.069640272113141277e-01 7.231180834701758098e-01 7.058274413254531643e-01 6.563717928127027479e-01 5.794192610865875892e-01 4.839769355896290648e-01 3.895016433232280084e-01 2.973356766724453148e-01 2.146016084388472356e-01 1.436504267222147302e-01 8.584368437044891109e-02 4.207279141348128221e-02 1.490425704850812522e-02 7.135309927821121417e-03 1.904164470019570343e-02 4.900306155868678487e-02 9.642391322707273560e-02 1.615247429272778923e-01 2.429127507583979384e-01 3.411117792094405798e-01 4.504329631082628627e-01 5.593380174011604034e-01 6.460801659299797439e-01 7.020573006728569876e-01 7.208548209709808585e-01 7.005769679348634593e-01 6.414013111977120429e-01 5.496969495421026863e-01 4.341406586063423223e-01 3.205823681027640815e-01 2.201503926146894663e-01 1.381001962026951191e-01 7.595447777716390902e-02 3.336264422433096039e-02 9.433070076396479417e-03 1.144846217754430734e-03 3.690032642520120651e-08 8.600234826052063836e-13 2.304192203532108285e-17 3.241687891779093054e-22 1.271955251308760284e-27 7.659726314524350724e-34 5.764944509885506766e-40 1.104450040375019490e-29 3.734664993929516333e-20 2.841335081301310922e-12 5.458179646160178763e-06 5.045281388048841742e-03 2.693830402097403820e-02 6.896598244555177115e-02 1.319325981108226131e-01 2.140178087669856732e-01 3.158338608388917557e-01 4.313250259598885861e-01 5.488429648688805118e-01 6.427192028100523480e-01 7.038340531497212504e-01 7.249037742582596922e-01 7.066479984108152701e-01 6.500134422148046154e-01 5.606524842716485990e-01 4.470023181090644893e-01 3.335453856756381841e-01 2.326323770422192294e-01 1.507682045007854854e-01 8.870068011843952605e-02 4.464553948374812981e-02 1.634504144727400368e-02 3.076329476911449610e-03
7.060562680451228595e-21 8.850331754888105652e-21 7.270795034139243786e-21 3.879109018751398445e-21 2.260026279598200157e-21 2.503261636295606088e-21 4.055697835413757888e-21 6.189591048646552723e-21 8.506660321810711855e-21 1.120043547156105933e-20 1.385147023136086966e-14 4.789907060216477498e-08 4.339938829815298722e-03 2.065873569748035571e-02 5.250171394457740087e-02 1.013693658327054076e-01 1.671703325492486236e-01 2.504160733988194387e-01 3.500320296038819667e-01 4.580893473100285385e-01 5.641239872062960847e-01 6.461503057728015254e-01 6.972217028656146898e-01 7.156580361239354149e-01 7.018671175142043861e-01 6.593082044947281561e-01 5.948008390411094748e-01 5.118180666598501904e-01 4.166744495164264039e-01 3.221089092036721890e-01 2.328231536875113306e-01 1.519693715487409336e-01 8.578914866556572316e-02 4.163760522729474667e-02 3.024724262030771549e-02 5.225213578119042301e-02 1.029553339855551752e-01 1.727875789398459760e-01 2.584094878523301997e-01 3.592434055241758295e-01 4.671591734277952823e-01 5.703083545385507769e-01 6.502240707975744938e-01 6.992680591618810615e-01 7.148727253927629199e-01 6.933742230300057319e-01 6.340936088381387004e-01 5.425896813454451628e-01 4.267645655994073972e-01 3.135756015695219667e-01 2.143597482740579041e-01 1.337036455627339804e-01 7.172524493895485187e-02 2.962826800569543645e-02 6.933675199540963001e-03 5.625837408711619088e-04 5.515412467895278351e-09 7.509011612092236436e-15 4.898149852662676152e-21 2.228015633957690105e-27 6.192570855388840206e-34 8.303397885035270623e-41 5.202052293907078722e-48 1.328023938365444883e-47 6.071147011785814913e-42 1.778418764879410084e-30 7.763880682677151121e-21 6.466963154493459499e-13 1.380488927760025003e-06 5.028657566188754480e-03 2.691507276179793545e-02 6.857470496348941347e-02 1.306043319020868676e-01 2.117091940395064709e-01 3.133440781773698669e-01 4.290784574663333850e-01 5.472914430519881801e-01 6.423320987727694220e-01 7.038130878998902773e-01 7.256805164532303953e-01 7.089818476282955251e-01 6.552817916056629111e-01 5.681655364865166868e-01 4.561939071478422481e-01 3.428332665307957106e-01 2.408703616788878954e-01 1.610481198036347039e-01 9.845222714111513673e-02 5.104605460474898049e-02 1.745108794792907606e-02
3.091931743950524902e-03 3.729667643720223271e-03 3.016467452673742781e-03 1.717791873727588523e-03 1.063945020525915771e-03 1.016050681037743673e-03 1.294096884772307941e-03 1.579754558970385874e-03 1.751402730785748315e-03 1.809384189189176513e-03 1.777166064638175400e-03 1.683787478625201279e-03 1.562143178300063944e-03 4.430745908395184417e-03 1.740541171378233443e-02 4.567465568404535659e-02 9.145805640006347825e-02 1.552780598900710685e-01 2.378951169006322808e-01 3.331273401461967154e-01 4.392156359042815317e-01 5.435046886566003987e-01 6.212271028197332567e-01 6.711557252466111567e-01 6.917943352295223836e-01 6.846454638859345021e-01 6.528772829841058556e-01 5.961170685973479211e-01 5.183137390241565612e-01 4.215233892389003700e-01 3.212401087194176608e-01 2.254067474679204985e-01 1.417567901027045330e-01 8.977908250458138673e-02 7.939397373014127346e-02 1.096981440002432889e-01 1.770640704821387357e-01 2.680179571970935370e-01 3.748031638931078602e-01 4.853453333265649872e-01 5.842871450910854803e-01 6.584258506077449447e-01 7.003691821691836461e-01 7.081028321851623453e-01 6.823526294895568833e-01 6.219238501048203194e-01 5.305013866452907845e-01 4.172663156257854222e-01 3.061828308095394524e-01 2.082405730639405872e-01 1.293052358169368421e-01 6.890584546117660414e-02 2.782528689452496221e-02 5.744907085601886308e-03 1.912896185064993579e-04 1.006856752771064123e-09 3.777517341407153204e-16 1.712426250759745804e-23 3.834118921901513915e-31 6.854724618440873207e-31 2.272240594200002953e-30 7.222441004014889945e-30 2.209967586351523591e-29 6.540318399347883339e-29 1.878891393028530703e-28 5.257645036033035432e-28 1.448205828062497577e-27 1.484451046092384859e-21 1.484615360522193422e-13 3.737729727213092487e-07 5.024118624003400327e-03 2.663172019900458473e-02 6.736205101121621464e-02 1.286982880218983383e-01 2.097392330435583763e-01 3.114113155933621591e-01 4.268424034854651494e-01 5.447750624791740659e-01 6.388289072954335124e-01 6.995827813857778965e-01 7.228531570941760798e-01 7.092010314012355821e-01 6.571782838689225192e-01 5.722509074402564178e-01 4.637157975939300569e-01 3.505336114615839604e-01 2.527950485218409815e-01 1.751444365360540767e-01 1.133125745598380779e-01 6.250794956689019466e-02
2.439500949142716854e-02 2.459654785881850575e-02 2.184527702577111763e-02 1.884970067823185311e-02 1.607928193944990411e-02 1.460624859767663611e-02 1.479424208409545888e-02 1.579500257293309923e-02 1.679311577946120126e-02 1.729334406693294399e-02 1.726229601058300658e-02 1.686939219878410764e-02 1.633786082663203285e-02 1.591816806292552233e-02 1.772740372047835675e-02 2.817783616259512958e-02 5.477427473739085451e-02 1.002064737324865340e-01 1.631353649065476197e-01 2.410725906793485807e-01 3.319040075137383861e-01 4.282629970198577607e-01 5.196782471142326054e-01 5.923447208947510978e-01 6.427609179850539700e-01 6.693097417366822288e-01 6.731989044700780189e-01 6.481398003300379296e-01 5.944651116909519528e-01 5.154611527396517623e-01 4.187731753524732148e-01 3.131327995471346326e-01 2.229966056882910774e-01 1.717882509620866360e-01 1.633468424266549257e-01 1.989439435987232774e-01 2.757179253205173652e-01 3.821864819481571862e-01 4.968642445428269050e-01 5.937789578757656228e-01 6.654052984506209079e-01 7.042779989701548615e-01 7.049143579310666041e-01 6.718266472515341814e-01 6.071025479872239616e-01 5.153904042634482874e-01 4.044819253627175426e-01 2.965576680593720593e-01 2.019598198804186395e-01 1.245017395394197313e-01 6.572510326614586229e-02 2.640188090613173819e-02 5.201860945323959727e-03 3.517945943125131293e-05 1.191795041736399644e-10 7.432592612727010571e-16 1.282677197152327582e-15 2.273795839506572581e-15 3.982039832322312183e-15 6.861830073088511637e-15 1.162081720204751202e-14 1.935716298316973958e-14 3.177227185656708987e-14 5.145691943175466968e-14 8.217938280554086485e-14 1.290727098928233416e-13 1.989352334848623893e-13 3.022210635182519691e-13 4.625271745411108864e-13 7.964501824009347904e-13 1.277228709454131935e-07 5.009390116648830202e-03 2.575269964449896504e-02 6.596408276028695172e-02 1.274035550579042664e-01 2.086959560358565002e-01 3.086436893811764226e-01 4.220008850060339989e-01 5.377804829102387218e-01 6.293066404275103887e-01 6.906161562352810535e-01 7.161919335225346295e-01 7.043052181446162185e-01 6.524759923199775491e-01 5.680882891396701329e-01 4.644752148047361362e-01 3.644904326566775765e-01 2.782213342553238045e-01 2.070347064886564059e-01 1.454680237870619730e-01
8.058031704289053687e-02 8.062698795307821076e-02 7.737868736080458221e-02 7.284959878853192183e-02 6.813309987788107591e-02 6.555764109171109688e-02 6.477691844141644784e-02 6.572677669587370652e-02 6.722247747567723641e-02 6.825308523104224590e-02 6.841363795321803165e-02 6.789605571533346984e-02 6.713180317135629405e-02 6.661047045793049015e-02 6.680842255765216675e-02 6.918014213750940666e-02 7.919964870608948992e-02 1.060119747644664157e-01 1.496246803263263370e-01 2.071428505086842786e-01 2.769986520583673228e-01 3.542256610811900241e-01 4.342253466301518317e-01 5.133512030818162541e-01 5.861923797863752839e-01 6.395576974089440814e-01 6.721966387698791179e-01 6.778312956916818788e-01 6.512221493600837130e-01 5.942191994062152594e-01 5.124425934977172581e-01 4.138586889640987199e-01 3.291808288742598121e-01 2.803745380359958794e-01 2.753252813172751279e-01 3.142242063731406909e-01 3.948307776611345021e-01 4.988773137188316498e-01 5.932554850060066665e-01 6.626715012213046929e-01 7.002551063662443287e-01 6.991478047685499853e-01 6.622605661381580910e-01 5.925378955510881562e-01 4.981339568407348595e-01 3.890188180961889897e-01 2.840962950205277449e-01 1.934076788420281134e-01 1.191907930186396347e-01 6.230206576414203112e-02 2.454989543607183355e-02 4.992878084388582133e-03 7.800051118439194715e-05 8.408443487312559103e-05 1.013065599360472445e-04 1.241178182833498566e-04 1.507958779162828656e-04 1.801468292831127265e-04 2.113658105922475194e-04 2.438919103262304257e-04 2.774697661610637058e-04 3.122599975568564616e-04 3.487565479717555155e-04 3.873361271697158448e-04 4.274941749748100827e-04 4.672156239348074572e-04 5.032119074569109830e-04 5.324844462534732538e-04 5.549078802024062871e-04 5.754200403205203497e-04 6.043032720957586213e-04 6.528431756867912432e-04 5.363687807362307013e-03 2.568648501904436873e-02 6.618910148104405200e-02 1.273198351111986260e-01 2.067907241323522771e-01 3.029617859247092371e-01 4.124678583907149809e-01 5.241895446997237862e-01 6.149638086952844418e-01 6.752716641459061142e-01 6.974354642494133838e-01 6.829530221323946160e-01 6.329325246678028094e-01 5.582096533938378791e-01 4.760058728462049915e-01 3.941148971433942605e-01 3.218249190062114073e-01 2.586549030087687551e-01
1.770041411252853136e-01 1.763551921942220213e-01 1.729246245937024473e-01 1.678612436926576190e-01 1.620237466840864782e-01 1.586051642361890057e-01 1.568865991673504545e-01 1.576572040148886411e-01 1.594813908222964538e-01 1.609812698652723084e-01 1.613570171715697499e-01 1.607665211888981704e-01 1.598293688737233709e-01 1.592598713439512259e-01 1.597385676008237221e-01 1.617356156236770259e-01 1.657565764210074122e-01 1.765391124703917514e-01 2.019565384816926490e-01 2.394670216237749782e-01 2.879852300688885425e-01 3.430495042044621745e-01 4.039914740819281480e-01 4.715278738407981951e-01 5.422668246905050227e-01 6.080888679068473524e-01 6.633652461146739565e-01 6.952945335950158068e-01 6.952614612490639612e-01 6.621339069263182386e-01 6.013264946452731019e-01 5.232238375825081222e-01 4.500735956299206642e-01 4.073183902850577298e-01 4.061953213108087102e-01 4.438645886036913790e-01 5.166124918847069258e-01 5.977739807559914187e-01 6.603371884304564121e-01 6.939805118800138617e-01 6.926194164764817307e-01 6.548383282016355666e-01 5.825231248534870065e-01 4.843174131252328540e-01 3.785773805146961934e-01 2.766303996947934163e-01 1.894157282622440930e-01 1.189908828938831820e-01 6.534865917726560836e-02 2.935874821202584875e-02 1.107842700666058708e-02 6.783489838477643405e-03 6.776237118390187469e-03 6.828754527347447208e-03 6.928248568890459612e-03 7.064340277237094075e-03 7.227822146101460857e-03 7.410813737127662330e-03 7.607486129396745164e-03 7.814446056373809332e-03 8.030478706680639969e-03 8.255925511355758847e-03 8.491253793708349734e-03 8.734682235897742869e-03 8.979915507125270369e-03 9.215977574222660937e-03 9.431025302477059891e-03 9.620093571167363106e-03 9.794241685668773900e-03 9.983843377580967418e-03 1.022760248139691942e-02 1.054784638953836819e-02 1.093463250496085060e-02 1.561662397334367958e-02 3.659737751298532127e-02 7.696866783300698733e-02 1.359333744186829174e-01 2.115637600664607987e-01 3.028723081053998345e-01 4.066627157207401422e-01 5.105413618836400769e-01 5.959427866944494445e-01 6.507380342161953601e-01 6.714083590681412250e-01 6.607388730204841742e-01 6.251059089576381789e-01 5.757328833582250338e-01 5.125964674893216388e-01 4.486213737383822342e-01 3.912466287437980639e-01
3.115768728638648732e-01 3.101084163340043776e-01 3.061756335675398510e-01 3.007161084398691786e-01 2.949213468417945516e-01 2.909246787210532093e-01 2.893186952835287151e-01 2.898091209572957738e-01 2.916565509920285293e-01 2.933256353586291554e-01 2.938745320948306095e-01 2.933197852352709134e-01 2.923440864341188550e-01 2.918313905858985202e-01 2.926064383498836463e-01 2.952044654410295177e-01 2.996374616184148687e-01 3.053831672118110796e-01 3.163967302272814863e-01 3.357066679173949519e-01 3.647498772335396877e-01 3.998134360903223272e-01 4.404518558512593440e-01 4.902651798494773727e-01 5.463974761734692320e-01 6.078850225509551120e-01 6.706529575087204487e-01 7.171435895439787211e-01 7.359280161456079883e-01 7.251225436801038704e-01 6.900374426777819981e-01 6.351052409460533621e-01 5.795537370509267205e-01 5.476814857967714500e-01 5.478402342530240832e-01 5.783009658663081920e-01 6.324244294730456684e-01 6.821579974467143481e-01 7.103589954260055572e-01 7.077509838090050298e-01 6.723161611788661673e-01 6.015480162070317993e-01 5.021271582860468152e-01 3.983782530677852929e-01 3.022975885945285990e-01 2.181426738476436311e-01 1.512613447401193190e-01 1.014090623763960614e-01 6.857975490730686130e-02 5.153487720507147346e-02 4.765011637122489041e-02 4.745832587302174083e-02 4.742424472714155959e-02 4.751637090960013354e-02 4.770713043863119424e-02 4.797446875311821984e-02 4.830005910109814310e-02 4.866854439524093828e-02 4.906817756123082325e-02 4.949174246165043145e-02 4.993618187251001178e-02 5.040049707575570276e-02 5.088243561582775354e-02 5.137488007645565902e-02 5.186398810042048418e-02 5.233177851662529356e-02 5.276448492658980527e-02 5.316512573985741896e-02 5.356300208934892948e-02 5.400835298367757942e-02 5.454719997531124603e-02 5.519565320431392419e-02 5.594600785668615850e-02 5.680355091604751688e-02 6.238082616076488091e-02 8.371887953232805268e-02 1.217490632380273941e-01 1.762397145877623861e-01 2.462067894716979399e-01 3.307356163917747338e-01 4.206892875088036887e-01 5.093529859951667627e-01 5.893171661843960019e-01 6.429369656300519820e-01 6.663121571007220023e-01 6.668078130385483027e-01 6.513582607717949280e-01 6.223235493907738336e-01 5.790625737573571463e-01 5.368472197271505486e-01
4.766220588892943755e-01 4.749356963734523429e-01 4.691450794437015959e-01 4.627960101773123114e-01 4.575919756916214665e-01 4.544815189364198038e-01 4.531974413474034735e-01 4.538492177164611951e-01 4.558644784216494550e-01 4.576461598447622570e-01 4.582244314186142420e-01 4.575933945679346859e-01 4.564870079091088995e-01 4.558886519054471398e-01 4.567191252955167258e-01 4.595781901881867970e-01 4.644949332234936112e-01 4.708096499937288737e-01 4.772958632738386608e-01 4.851061474312988175e-01 4.978346416338715330e-01 5.153854973073028756e-01 5.374436567484708327e-01 5.680828516300215902e-01 6.077852337866902488e-01 6.558303663116529236e-01 7.106505505585372084e-01 7.633061772262229594e-01 7.933058497893303862e-01 7.982836910088937366e-01 7.810939422962863699e-01 7.477646503279116175e-01 7.107648400663357791e-01 6.895904702484304538e-01 6.882039473786509820e-01 7.061146841268383101e-01 7.336714502189055631e-01 7.525767416564308476e-01 7.481474604335452971e-01 7.147768254325685966e-01 6.514921906827894071e-01 5.582009132733655177e-01 4.570698332153092514e-01 3.659616850571464353e-01 2.885121137422682613e-01 2.254691866916547494e-01 1.788973834492951775e-01 1.496572560735885682e-01 1.353604488121690486e-01 1.311774490165025231e-01 1.306227497106925151e-01 1.303219227893138432e-01 1.302576373872614823e-01 1.303851797056875539e-01 1.306622982905508712e-01 1.310551960972878571e-01 1.315364927364764680e-01 1.320837312321815893e-01 1.326796535190020720e-01 1.333132388449540795e-01 1.339793447999394760e-01 1.346752612329272514e-01 1.353956899356128230e-01 1.361282096032372935e-01 1.368520807579815812e-01 1.375435770262133928e-01 1.381883745157193033e-01 1.387982210525182669e-01 1.394191580605810832e-01 1.401171292103546850e-01 1.409415733233051193e-01 1.419053242294512907e-01 1.430114606198404081e-01 1.442969451275523951e-01 1.458500189028272553e-01 1.525787535981420473e-01 1.718378035682390226e-01 2.050414415643325161e-01 2.535628478588770607e-01 3.133324676590188429e-01 3.787199633218752415e-01 4.547036099352729233e-01 5.388697181468423691e-01 6.149751500752137501e-01 6.667537065642045180e-01 6.968156929460753712e-01 7.110340856741725890e-01 7.116756939819276484e-01 7.007253255230432298e-01 6.833213743154343822e-01
6.457290908914046224e-01 6.400132299728727991e-01 6.349787302121756571e-01 6.305877804608579495e-01 6.278006009463836801e-01 6.259569987291727644e-01 6.243409228439869008e-01 6.248344304894162260e-01 6.266934702895411435e-01 6.283730436476335779e-01 6.289253898039550705e-01 6.283671567604692809e-01 6.273853263960308402e-01 6.268694086241622943e-01 6.276493270043494999e-01 6.302636808215040798e-01 6.347245306763759087e-01 6.404004089481036832e-01 6.461423278228904943e-01 6.506581052805646692e-01 6.531599301608076447e-01 6.577552343915611388e-01 6.662985499351392615e-01 6.818503625272077651e-01 7.051333458589985614e-01 7.379398570341691999e-01 7.786944639833969228e-01 8.196682212819680347e-01 8.501848885558731528e-01 8.650207750120657568e-01 8.609376669766424239e-01 8.416006623660875485e-01 8.202538567056041341e-01 8.076617941325188177e-01 8.051436774006417441e-01 8.098112838247875089e-01 8.152295575154264728e-01 8.090930170952069789e-01 7.783707807706025106e-01 7.205476861157171786e-01 6.418398326545641241e-01 5.512991339207059527e-01 4.649807801409964747e-01 3.921233507887065817e-01 3.354246953786677032e-01 2.927280361132855724e-01 2.662954056065672259e-01 2.550409184488846570e-01 2.514652629187228983e-01 2.505256280392961221e-01 2.498217384994383949e-01 2.494233229782421568e-01 2.493239730325668979e-01 2.494758352234003884e-01 2.498256670462754847e-01 2.503283842298156259e-01 2.509476596737824083e-01 2.516545008843958375e-01 2.524269433329930368e-01 2.532504526851971360e-01 2.541170748320072392e-01 2.550215209345536582e-01 2.559553567820268549e-01 2.569021257051108398e-01 2.578368393445399365e-01 2.587329559131247847e-01 2.595773562512587729e-01 2.603879207048609423e-01 2.612191967301790707e-01 2.621435764216319964e-01 2.632176369150192596e-01 2.644701366973065682e-01 2.659261793969567855e-01 2.676396173556132019e-01 2.696770886611997153e-01 2.719550184153933237e-01 2.778993176775121365e-01 2.924938382976685625e-01 3.201721638518074120e-01 3.558591628876940915e-01 3.970226194245276563e-01 4.535840363977646228e-01 5.240137676402354394e-01 5.997506580388735076e-01 6.674193068492160208e-01 7.217387373677177642e-01 7.608406281625408329e-01 7.822830163717194862e-01 7.947894715521423015e-01 7.996887818408168203e-01
7.831929023529394795e-01 7.759640444014099803e-01 7.715400786085881979e-01 7.692195686650410424e-01 7.688916699524813714e-01 7.677873219916274694e-01 7.659854074144207825e-01 7.667933861946386598e-01 7.687060451095772962e-01 7.702786675028693297e-01 7.706726383572990446e-01 7.700535036278373102e-01 7.690708999147769509e-01 7.684737820522133944e-01 7.689756948275296988e-01 7.710695910050807678e-01 7.748072993998692537e-01 7.796518373232144139e-01 7.845686464050958264e-01 7.883932837273744942e-01 7.902872436258107092e-01 7.901665185197073171e-01 7.894592937656190745e-01 7.937191569570234417e-01 8.049036646495022485e-01 8.235944935040775405e-01 8.482867205019734014e-01 8.770753721148505377e-01 9.031974842492547229e-01 9.198315183830734210e-01 9.223223474290827006e-01 9.134326324882608983e-01 9.016183094152627753e-01 8.944305123915423650e-01 8.905134606555993315e-01 8.860185268565645700e-01 8.776129555992341347e-01 8.530639713365211207e-01 8.055095571098076501e-01 7.389230325655379295e-01 6.617079650833500581e-01 5.836987770048915891e-01 5.151950896394863477e-01 4.614994768280047954e-01 4.237918607824390227e-01 4.000948539549389338e-01 3.910913505696086978e-01 3.889293431510356669e-01 3.877169569575897867e-01 3.866321888896311343e-01 3.858223868532589251e-01 3.853624726357542940e-01 3.852470290006307918e-01 3.854235611125909067e-01 3.858311814147104557e-01 3.864168286299833888e-01 3.871377540542526030e-01 3.879602973883881090e-01 3.888591093073974214e-01 3.898172170559056626e-01 3.908250464326298301e-01 3.918763032408023594e-01 3.929615746644985474e-01 3.940626988237018180e-01 3.951517170167768711e-01 3.961980379061209590e-01 3.971851166803283539e-01 3.981306461737517122e-01 3.990941119523872538e-01 4.001579812643184519e-01 4.013936825966871180e-01 4.028488832011959397e-01 4.045621370485685264e-01 4.065837799222205007e-01 4.089525512970744736e-01 4.115378393098774734e-01 4.138780447779752403e-01 4.172161029073681582e-01 4.253690421718513415e-01 4.398378252992604653e-01 4.612950208413164055e-01 4.962516809340888346e-01 5.468421130081690951e-01 6.105855344365320736e-01 6.821263620633265523e-01 7.530358327994476353e-01 8.030171288360402615e-01 8.375994350087122564e-01 8.627050852217438281e-01 8.825141147703550182e-01
8.866181214859888415e-01 8.799592266086032621e-01 8.768044144292893582e-01 8.757865617209665832e-01 8.763360388531317158e-01 8.747553013075055617e-01 8.738595070584440627e-01 8.749493660005988049e-01 8.766655198182944364e-01 8.778480300220722343e-01 8.780322467924477348e-01 8.774383775202569957e-01 8.765614809252026962e-01 8.759633083906158690e-01 8.761904280661014788e-01 8.776538708453364146e-01 8.804558590991576894e-01 8.842345726094748004e-01 8.881788883605336027e-01 8.912942913356157737e-01 8.928076880394641979e-01 8.925417670310645812e-01 8.913185363073981016e-01 8.916055000068168201e-01 8.953422580605726600e-01 9.030645323896617782e-01 9.164439479841738345e-01 9.335927113971563829e-01 9.502211243037655963e-01 9.618080947270326586e-01 9.668926333791308947e-01 9.646125145998319939e-01 9.587439984994962083e-01 9.546431279762148669e-01 9.509745875930953884e-01 9.408916312304576035e-01 9.223070290713912822e-01 8.894511987039874779e-01 8.397662204417728482e-01 7.761371257209234154e-01 7.102813866166793888e-01 6.498191225734797349e-01 5.992846677105552189e-01 5.635553129818011708e-01 5.441923073725721816e-01 5.370433686571248755e-01 5.358837544829991861e-01 5.347767600952132439e-01 5.335947793220835456e-01 5.325234218338052994e-01 5.317208291016459754e-01 5.312665455128655623e-01 5.311532641575480440e-01 5.313264213214039522e-01 5.317253085357925846e-01 5.322985195585026030e-01 5.330046332983866542e-01 5.338105917706451597e-01 5.346913504565048436e-01 5.356303369352306554e-01 5.366184817277795949e-01 5.376497543644457311e-01 5.387145379417817015e-01 5.397940681434368893e-01 5.408598526013963514e-01 5.418816276892214345e-01 5.428444346043709290e-01 5.437686609744684096e-01 5.447165032028802312e-01 5.457705045916817488e-01 5.469951757588017438e-01 5.484233075267368474e-01 5.500835221693581856e-01 5.520372155901770439e-01 5.543603215135489704e-01 5.569558859778518389e-01 5.593200779821222435e-01 5.607175371469783620e-01 5.586166433603030335e-01 5.551544934677150600e-01 5.579955712030703063e-01 5.743155070892206338e-01 6.052323377943572558e-01 6.477996361024528360e-01 7.107664186990676480e-01 7.840461186668901128e-01 8.391799953439159632e-01 8.803079410044415409e-01 9.136909072804207943e-01 9.433313173165738252e-01
9.578777797393113191e-01 9.535710984206264840e-01 9.521230810484714313e-01 9.513929181994708051e-01 9.507936144049454752e-01 9.493642072646212293e-01 9.496154074946574486e-01 9.509526414052363874e-01 9.522863379702519726e-01 9.529547518779742932e-01 9.529132649145382050e-01 9.523882598742776651e-01 9.516780182297412960e-01 9.511172075167423356e-01 9.510482275311906708e-01 9.517702826786306192e-01 9.534316524718038366e-01 9.558893193056582360e-01 9.586356839588507928e-01 9.609093114628100007e-01 9.620053478762666810e-01 9.616295123512781373e-01 9.601388424191970028e-01 9.587618499393624205e-01 9.599904857345706866e-01 9.645324943355574332e-01 9.714003770924004577e-01 9.792380950430221720e-01 9.869813674986139818e-01 9.932445443456406897e-01 9.958560357475840785e-01 9.947235604121142938e-01 9.926597320670718094e-01 9.914080466891432852e-01 9.866149786189191140e-01 9.743964762564997217e-01 9.515131837706589657e-01 9.174404311299612091e-01 8.713081217607081541e-01 8.195200917395720763e-01 7.698415259177515679e-01 7.257693798763971138e-01 6.928986243549558610e-01 6.758538262582529654e-01 6.717393829073674549e-01 6.713729685433676986e-01 6.705709391635962247e-01 6.695432895872521772e-01 6.684268125316850107e-01 6.674165095249815494e-01 6.666753505267976054e-01 6.662733802642412106e-01 6.661874809702649225e-01 6.663579052777222067e-01 6.667281960446532763e-01 6.672531930608328610e-01 6.678963101644064260e-01 6.686275399459198354e-01 6.694238218723572720e-01 6.702704298194879229e-01 6.711604924077348988e-01 6.720903882852075073e-01 6.730530378919833412e-01 6.740318436603338625e-01 6.749990931321570020e-01 6.759230827061020186e-01 6.767846725428940946e-01 6.775995602943071239e-01 6.784292673211769209e-01 6.793619086996772749e-01 6.804635453541036938e-01 6.817513256406169120e-01 6.832293614596963716e-01 6.849470334273908279e-01 6.870213777978263492e-01 6.894789992741860996e-01 6.918649993479517590e-01 6.933151843535622083e-01 6.909863158986164766e-01 6.796955184812684125e-01 6.654195204748777348e-01 6.648423189694943058e-01 6.789988236615569495e-01 7.092460185893960656e-01 7.562083448855165813e-01 8.145891394586355361e-01 8.690341048664328438e-01 9.135147018706925026e-01 9.519135419095007267e-01 9.820071974945809856e-01
9.927637910879044680e-01 9.923575371098786180e-01 9.929380280096175015e-01 9.917797830629656586e-01 9.911268325722839556e-01 9.911220777663046766e-01 9.915941528850484854e-01 9.920791509848462253e-01 9.923705803588261931e-01 9.924690230043040629e-01 9.924143221137008419e-01 9.922557811716248288e-01 9.920492312957993608e-01 9.918644192574936902e-01 9.917814775188584786e-01 9.918755225806418219e-01 9.922025063297161829e-01 9.927730644413237382e-01 9.935059221720237144e-01 9.941943595465967398e-01 9.945600878103513232e-01 9.944182182829264249e-01 9.938410284224751257e-01 9.931508204197254663e-01 9.927810516540100938e-01 9.933179268322949174e-01 9.956703395887777086e-01 9.983139783315391202e-01 9.999220478481735119e-01 1.000000000000000000e+00 1.000000000000000000e+00 1.000000000000000000e+00 9.999889825522477738e-01 9.997764749798986328e-01 9.974159127849780981e-01 9.877044107628399905e-01 9.685750462757776180e-01 9.393788446114466062e-01 9.037533952198230081e-01 8.669273537389609041e-01 8.317503309793915500e-01 8.044850443097761872e-01 7.900686207607764411e-01 7.879583896411113120e-01 7.888777874204069285e-01 7.884484080436013897e-01 7.877373190316293572e-01 7.867943775096651882e-01 7.857821909441610186e-01 7.848940303971818633e-01 7.842675612106501104e-01 7.839420327536218425e-01 7.838841687700600636e-01 7.840405833441116412e-01 7.843644605490783794e-01 7.848183554948013896e-01 7.853711524764313001e-01 7.859967777740998196e-01 7.866752868554566236e-01 7.873944279476426944e-01 7.881490104047684797e-01 7.889373385735670707e-01 7.897555881679094725e-01 7.905916750265811199e-01 7.914220971834718954e-01 7.922163256710236245e-01 7.929509874877751496e-01 7.936312073778918341e-01 7.943067336719575877e-01 7.950628636348547884e-01 7.959777339494386039e-01 7.970786965672740365e-01 7.983526686840722864e-01 7.998082402296170512e-01 8.015271625135146349e-01 8.035873024618154226e-01 8.057504503432809662e-01 8.072930575820314036e-01 8.072936702519144525e-01 7.970378178355507215e-01 7.765448687953455664e-01 7.606647550064534746e-01 7.585836856530528971e-01 7.738705596505296436e-01 8.066356714885318802e-01 8.495961066369197567e-01 8.948816203899609967e-01 9.380059781841134647e-01 9.776118123965658047e-01 9.997450095409937676e-01
